start=17.017000
fullscreen=yes
aid=1
sid=no
sub-delay=0.677000
