start=335.585000
aid=1
sid=1
sub-delay=0.677000
sub-pos=99
sub-scale=0.950000
